## U / V ## I_1 / mA ## I_2 / mA ## I_3 / mA ##

     0         0.000       0.000       0.000
     5         0.003       0.007       0.011
     6         0.005       0.009       0.012
     7         0.006       0.011       0.016
     8         0.007       0.013       0.018
     9         0.008       0.016       0.022
    10         0.010       0.019       0.026
    10         0.013       0.026       0.033
    11         0.011       0.022       0.028
    12         0.013       0.025       0.033
    13         0.014       0.028       0.035
    14         0.015       0.031       0.040
    15         0.017       0.034       0.044
    20         0.028       0.062       0.082
    30         0.040       0.101       0.138
    40         0.047       0.145       0.190
    50         0.050       0.185       0.274
    60         0.053       0.214       0.353
    70         0.054       0.229       0.428
    80         0.049       0.257       0.514
    90         0.053       0.271       0.590
   100         0.054       0.279       0.668
   115         0.054       0.287       0.781
   130         0.055       0.291       0.873
   145         0.056       0.296       0.973
   160         0.055       0.299       1.042
   200         0.056       0.308       1.160
   250         0.057       0.315       1.222
