## pulse qty ##

      2423
      2608
      2642
      2478
      2708
      2570
      2571
      2475
      2665
      2339
      2605
      2453
      2574
      2556
      2562
      2493
      2455
      2387
      2504
      2445
      2467
      2340
      2375
      2678
      2527
      2646
      2609
      2654
      2636
      2632
      2710
      2607
      2663
      2405
      2597
      2769
      2420
      2540
      2523
      2457
      2529
      2532
      2642
      2355
      2534
      2406
      2672
      2669
      2503
      2543
      2497
      2642
      2468
      2487
      2509
      2498
      2478
      2489
      2375
      2576
      2395
      2550
      2451
      2542
      2492
      2475
      2539
      2628
      2523
      2582
      2618
      2624
      2444
      2628
      2651
      2503
      2521
      2611
      2420
      2682
      2527
      2682
      2429
      2685
      2590
      2411
      2421
      2636
      2660
      2492
      2576
      2477
      2514
      2460
      2742
      2473
      2430
      2518
      2549
      2655
