## p / mbar ## pulse qty ## max qty ## channel ##

      0          16178         71        803
     50          16170         74        779
    100          16153         78        716
    150          15246         82        656
    200          15085         99        595
    250          14200        111        524
    300          13984         97        472
    350          12137         95        408
    400           3599         72        310
    450            458         12        316
    500              0          0          0
