## ang / deg ## I / uA ## scale / uA ##

       6         54            100
       8         54            100
      10         52            100
      12         60            100
      14         60            100
      16         60            100
      18         58            100
      20         59            100
      22         50            100
      24         51            100
      26         50            100
      28         50            100
      30         50            100
      32         48            100
      34         46            100
      36         44            100
      38         44            100
      40         44            100
      42         38            100
      44         38.5          100
      46         34            100
      48         32            100
      50         30            100
      52         28            100
      54         24            100
      56         22            100
      58         18            100
      60         16            100
      62         14            100
      64          8            100
      66          7            100
      68          6.3           10
      70          4             10
      72          2             10
      74          0.8           10
      76          0.5            1
      78          1.2           10
      80          3.8           10
      82          8             10
      84         18             10
      86         38             10
