## ang / deg ## I / uA ## scale / uA ##

       6          70           100
       8          70           100
      10          71           100
      12          72           100
      14          72           100
      16          76           100
      18          77           100
      20          78           100
      22          80           100
      24          81           100
      26          83           100
      28          84           100
      30          85           100
      32          89           100
      34          90           100
      36          92           100
      38          96           100
      40          96           100
      42          98           100
      44         100          1000
      46         100          1000
      48         100          1000
      50         110          1000
      52         110          1000
      54         110          1000
      56         120          1000
      58         110          1000
      60         120          1000
      62         120          1000
      64         140          1000
      66         130          1000
      68         140          1000
      70         150          1000
      72         160          1000
      74         160          1000
      76         170          1000
      78         180          1000
      80         180          1000
      82         190          1000
      84         190          1000
      86         200          1000
